1
1
1
14
14
14
14
14
14
14
14
14
1
1
1
1
1
1
1
1
1
1
18
0
0
0
0
0
0
0
0
0
19
1
1
1
1
1
1
1
1
13
0
0
0
0
0
0
0
0
0
0
0
19
1
1
1
1
1
1
1
13
0
0
4
2
2
2
2
2
2
5
0
0
15
1
1
1
1
1
1
18
0
0
3
16
12
12
12
12
17
3
0
0
15
1
1
1
1
1
13
0
0
0
3
15
1
1
1
1
13
3
0
0
15
1
1
1
1
1
18
0
0
0
3
15
1
1
1
1
13
3
0
0
19
1
1
1
1
1
0
0
0
0
3
15
1
1
1
1
13
3
0
0
0
15
1
1
1
1
0
0
0
0
3
15
1
1
1
14
18
3
0
0
0
15
1
1
1
1
0
0
0
0
3
15
1
1
13
0
0
3
0
0
0
19
1
1
1
1
0
0
0
0
3
19
1
1
13
0
0
3
0
0
0
0
19
14
1
1
0
0
0
0
3
0
15
1
13
0
0
3
0
0
0
0
0
0
19
14
0
0
0
0
3
0
15
1
1
17
0
3
0
0
0
0
0
0
0
0
2
2
2
2
6
0
15
1
1
13
0
3
0
0
0
0
0
4
2
2
0
0
0
0
0
0
15
1
1
1
17
3
0
0
0
0
0
3
16
12
12
12
12
12
12
12
8
1
1
1
13
3
0
0
0
0
0
3
15
1
1
1
1
1
1
1
1
1
1
1
13
3
0
0
0
0
0
3
15
1
1
1
1
1
1
1
1
1
1
1
13
3
0
0
0
0
0
3
15
1
1
1
1
1
1
1
1
1
1
1
13
7
2
2
2
2
2
6
15
1
1
1
1
1
1
1
1
1
1
1
9
12
12
12
12
12
12
12
8
1
0
13
19
13
