0
0
0
0
0
0
15
1
13
0
0
15
1
13
0
0
0
0
0
0
0
0
0
0
0
0
15
1
1
12
12
1
1
13
0
0
0
0
0
0
0
0
0
0
0
16
1
1
1
1
1
1
1
1
17
0
0
0
0
0
0
0
0
0
16
1
1
1
1
1
1
1
1
1
1
17
0
0
0
0
0
0
0
16
1
1
1
1
14
14
14
14
1
1
1
1
17
0
0
0
0
0
16
1
1
1
1
13
4
2
2
5
15
1
1
1
1
17
0
0
12
12
1
1
1
1
14
18
3
0
0
3
19
14
1
1
1
1
12
12
1
1
1
1
1
13
4
2
6
0
0
7
2
5
19
14
1
1
1
1
1
1
1
14
14
18
3
0
0
0
0
0
0
3
0
0
15
1
1
1
1
1
13
0
4
2
6
0
16
12
12
17
0
7
2
5
15
1
1
1
1
1
18
0
3
16
12
12
1
1
1
1
12
12
17
3
19
14
1
1
1
13
4
2
6
15
1
1
1
14
14
1
1
1
13
7
2
5
15
1
14
18
3
0
16
1
1
1
18
0
0
19
1
1
13
0
0
3
19
14
2
2
6
0
15
1
14
18
0
0
0
0
19
14
1
12
17
7
2
2
12
12
12
12
1
18
0
0
0
0
0
0
0
0
19
1
1
12
12
12
1
1
1
14
18
0
0
0
0
0
0
0
0
0
0
19
1
1
1
1
1
1
18
0
0
0
0
16
12
12
12
12
17
0
0
0
0
19
1
1
1
18
0
0
0
0
0
19
14
14
14
14
18
0
0
0
0
0
19
1
18
0
0
0
0
0
0
0
0
0
0
0
0
0
0
0
0
0
0
19
0
0
0
0
0
0
0
0
0
0
0
0
0
0
0
0
0
0
0
0
0
13
19
13
