0
0
0
0
0
16
12
12
12
12
12
12
17
0
0
0
0
0
0
0
0
0
0
0
0
15
1
1
1
1
14
14
18
4
2
2
2
5
0
0
0
0
0
16
12
1
1
14
14
18
0
0
0
3
15
1
1
3
0
0
0
0
16
1
1
1
18
0
0
0
0
0
0
3
15
1
1
3
0
0
0
16
1
1
1
18
0
0
0
0
0
0
0
3
15
1
1
3
17
0
0
15
1
1
13
0
0
0
0
4
2
2
2
6
15
1
1
3
1
17
0
15
1
1
18
0
0
0
0
3
0
0
0
0
19
1
1
3
1
13
16
1
1
18
0
0
0
0
0
3
0
0
0
0
0
15
1
3
1
13
15
1
13
0
0
0
0
0
0
3
0
0
0
0
0
15
1
3
1
13
15
1
13
0
0
0
0
0
0
3
0
0
0
0
0
15
1
3
1
13
15
1
13
0
0
0
0
0
0
3
0
0
0
0
0
15
1
3
1
13
15
1
13
0
0
4
2
2
2
6
0
0
0
0
16
1
1
3
1
13
15
1
13
0
0
3
16
12
12
17
0
0
0
16
14
14
1
3
1
13
2
2
2
2
2
6
15
1
1
1
12
12
12
18
0
0
19
7
2
2
12
12
12
12
12
12
8
1
1
1
1
1
18
0
0
0
0
15
1
13
1
1
1
1
1
1
1
1
1
1
1
13
0
0
0
0
0
15
1
13
1
1
1
1
1
1
14
1
1
1
1
13
0
0
0
0
0
15
1
13
1
1
1
1
1
18
0
19
14
1
1
13
0
0
0
0
0
15
1
13
1
1
1
1
18
0
0
0
0
15
1
1
12
12
12
12
12
1
1
13
14
14
14
18
0
0
0
0
0
19
14
14
14
14
14
14
14
14
14
18
0
13
19
13
